1.000000000000000000e+00 -0.000000000000000000e+00 0.000000000000000000e+00 -8.000000000000000000e+00 0.000000000000000000e+00 1.000000000000000000e+00 0.000000000000000000e+00 5.000000000000000000e+00 0.000000000000000000e+00 0.000000000000000000e+00 1.000000000000000000e+00 0.000000000000000000e+00
1.000000000000000000e+00 -0.000000000000000000e+00 0.000000000000000000e+00 -8.000000000000000000e+00 0.000000000000000000e+00 1.000000000000000000e+00 0.000000000000000000e+00 4.549999999999999822e+00 0.000000000000000000e+00 0.000000000000000000e+00 1.000000000000000000e+00 0.000000000000000000e+00
1.000000000000000000e+00 -0.000000000000000000e+00 0.000000000000000000e+00 -8.000000000000000000e+00 0.000000000000000000e+00 1.000000000000000000e+00 0.000000000000000000e+00 4.100000399999999878e+00 0.000000000000000000e+00 0.000000000000000000e+00 1.000000000000000000e+00 0.000000000000000000e+00
1.000000000000000000e+00 -0.000000000000000000e+00 0.000000000000000000e+00 -8.000000000000000000e+00 0.000000000000000000e+00 1.000000000000000000e+00 0.000000000000000000e+00 3.650000299999999864e+00 0.000000000000000000e+00 0.000000000000000000e+00 1.000000000000000000e+00 0.000000000000000000e+00
1.000000000000000000e+00 -0.000000000000000000e+00 0.000000000000000000e+00 -8.000000000000000000e+00 0.000000000000000000e+00 1.000000000000000000e+00 0.000000000000000000e+00 3.200000300000000131e+00 0.000000000000000000e+00 0.000000000000000000e+00 1.000000000000000000e+00 0.000000000000000000e+00
9.952141818585960031e-01 -9.771761472490700373e-02 0.000000000000000000e+00 -7.959984300000000346e+00 9.771761472490700373e-02 9.952141818585960031e-01 0.000000000000000000e+00 2.573595000000000077e+00 0.000000000000000000e+00 0.000000000000000000e+00 1.000000000000000000e+00 0.000000000000000000e+00
9.999999893406815721e-01 -1.460090294812144032e-04 0.000000000000000000e+00 -7.708251999999999882e+00 1.460090294812144032e-04 9.999999893406815721e-01 0.000000000000000000e+00 1.920981199999999944e+00 0.000000000000000000e+00 0.000000000000000000e+00 1.000000000000000000e+00 0.000000000000000000e+00
9.999482262205765526e-01 1.017570038487402261e-02 0.000000000000000000e+00 -7.723308000000000284e+00 -1.017570038487402261e-02 9.999482262205765526e-01 0.000000000000000000e+00 1.375969999999999915e+00 0.000000000000000000e+00 0.000000000000000000e+00 1.000000000000000000e+00 0.000000000000000000e+00
9.908674557968971675e-01 -1.348394787982509502e-01 0.000000000000000000e+00 -7.713900999999999897e+00 1.348394787982509502e-01 9.908674557968971675e-01 0.000000000000000000e+00 8.847890499999999658e-01 0.000000000000000000e+00 0.000000000000000000e+00 1.000000000000000000e+00 0.000000000000000000e+00
9.839084745502748586e-01 -1.786732036656621669e-01 0.000000000000000000e+00 -7.630905000000000271e+00 1.786732036656621669e-01 9.839084745502748586e-01 0.000000000000000000e+00 3.651305699999999876e-01 0.000000000000000000e+00 0.000000000000000000e+00 1.000000000000000000e+00 0.000000000000000000e+00
9.873667905622817154e-01 -1.584513202682115984e-01 0.000000000000000000e+00 -7.397536800000000135e+00 1.584513202682115984e-01 9.873667905622817154e-01 0.000000000000000000e+00 -8.376356999999999553e-02 0.000000000000000000e+00 0.000000000000000000e+00 1.000000000000000000e+00 0.000000000000000000e+00
9.953785553921303819e-01 9.602880539440009078e-02 0.000000000000000000e+00 -7.405603400000000391e+00 -9.602880539440009078e-02 9.953785553921303819e-01 0.000000000000000000e+00 -5.725230999999999515e-01 0.000000000000000000e+00 0.000000000000000000e+00 1.000000000000000000e+00 0.000000000000000000e+00
9.855181156561387823e-01 1.695701734196597699e-01 0.000000000000000000e+00 -7.369048600000000171e+00 -1.695701734196597699e-01 9.855181156561387823e-01 0.000000000000000000e+00 -1.093804199999999893e+00 0.000000000000000000e+00 0.000000000000000000e+00 1.000000000000000000e+00 0.000000000000000000e+00
9.862837230565613122e-01 1.650588308261277670e-01 0.000000000000000000e+00 -7.627174000000000120e+00 -1.650588308261277670e-01 9.862837230565613122e-01 0.000000000000000000e+00 -1.736314200000000030e+00 0.000000000000000000e+00 0.000000000000000000e+00 1.000000000000000000e+00 0.000000000000000000e+00
9.998217444314635438e-01 1.888066105901222563e-02 0.000000000000000000e+00 -7.547185400000000044e+00 -1.888066105901222563e-02 9.998217444314635438e-01 0.000000000000000000e+00 -2.186980000000000146e+00 0.000000000000000000e+00 0.000000000000000000e+00 1.000000000000000000e+00 0.000000000000000000e+00
9.942102190116260951e-01 1.074525030553238197e-01 0.000000000000000000e+00 -7.518164999999999765e+00 -1.074525030553238197e-01 9.942102190116260951e-01 0.000000000000000000e+00 -2.653105699999999789e+00 0.000000000000000000e+00 0.000000000000000000e+00 1.000000000000000000e+00 0.000000000000000000e+00
9.957686442373602231e-01 9.189563185314920946e-02 0.000000000000000000e+00 -7.579824399999999684e+00 -9.189563185314920946e-02 9.957686442373602231e-01 0.000000000000000000e+00 -2.899829099999999826e+00 0.000000000000000000e+00 0.000000000000000000e+00 1.000000000000000000e+00 0.000000000000000000e+00
9.914633266283541246e-01 1.303858579411030505e-01 0.000000000000000000e+00 -7.512754400000000388e+00 -1.303858579411030505e-01 9.914633266283541246e-01 0.000000000000000000e+00 -3.481482699999999930e+00 0.000000000000000000e+00 0.000000000000000000e+00 1.000000000000000000e+00 0.000000000000000000e+00
9.630310638904454601e-01 2.693903672777420155e-01 0.000000000000000000e+00 -7.671446300000000385e+00 -2.693903672777420155e-01 9.630310638904454601e-01 0.000000000000000000e+00 -3.883997400000000155e+00 0.000000000000000000e+00 0.000000000000000000e+00 1.000000000000000000e+00 0.000000000000000000e+00
9.480570238481722534e-01 3.181004236591740697e-01 0.000000000000000000e+00 -7.558840799999999582e+00 -3.181004236591740697e-01 9.480570238481722534e-01 0.000000000000000000e+00 -4.205594500000000124e+00 0.000000000000000000e+00 0.000000000000000000e+00 1.000000000000000000e+00 0.000000000000000000e+00
9.699000987521222417e-01 2.435031795287762313e-01 0.000000000000000000e+00 -7.663677700000000037e+00 -2.435031795287762313e-01 9.699000987521222417e-01 0.000000000000000000e+00 -4.124210999999999849e+00 0.000000000000000000e+00 0.000000000000000000e+00 1.000000000000000000e+00 0.000000000000000000e+00
9.682035665064725460e-01 2.501636540430015598e-01 0.000000000000000000e+00 -7.712139999999999773e+00 -2.501636540430015598e-01 9.682035665064725460e-01 0.000000000000000000e+00 -4.369901999999999731e+00 0.000000000000000000e+00 0.000000000000000000e+00 1.000000000000000000e+00 0.000000000000000000e+00
9.789457087084322273e-01 2.041207961020761186e-01 0.000000000000000000e+00 -7.807358699999999985e+00 -2.041207961020761186e-01 9.789457087084322273e-01 0.000000000000000000e+00 -4.805900600000000189e+00 0.000000000000000000e+00 0.000000000000000000e+00 1.000000000000000000e+00 0.000000000000000000e+00
9.994366877629049517e-01 3.356049989963954400e-02 0.000000000000000000e+00 -7.781454000000000093e+00 -3.356049989963954400e-02 9.994366877629049517e-01 0.000000000000000000e+00 -5.224447699999999806e+00 0.000000000000000000e+00 0.000000000000000000e+00 1.000000000000000000e+00 0.000000000000000000e+00
9.954427618675596445e-01 -9.536093458793758193e-02 0.000000000000000000e+00 -7.791611699999999807e+00 9.536093458793758193e-02 9.954427618675596445e-01 0.000000000000000000e+00 -5.661865699999999890e+00 0.000000000000000000e+00 0.000000000000000000e+00 1.000000000000000000e+00 0.000000000000000000e+00
9.839262262344967702e-01 -1.785754219592997072e-01 0.000000000000000000e+00 -7.727327999999999975e+00 1.785754219592997072e-01 9.839262262344967702e-01 0.000000000000000000e+00 -5.997283499999999989e+00 0.000000000000000000e+00 0.000000000000000000e+00 1.000000000000000000e+00 0.000000000000000000e+00
9.539348075192527476e-01 -3.000139713466794533e-01 0.000000000000000000e+00 -7.601101400000000119e+00 3.000139713466794533e-01 9.539348075192527476e-01 0.000000000000000000e+00 -6.212844399999999823e+00 0.000000000000000000e+00 0.000000000000000000e+00 1.000000000000000000e+00 0.000000000000000000e+00
9.289150026771818558e-01 -3.702930161389101360e-01 0.000000000000000000e+00 -7.418847999999999665e+00 3.702930161389101360e-01 9.289150026771818558e-01 0.000000000000000000e+00 -6.411565300000000356e+00 0.000000000000000000e+00 0.000000000000000000e+00 1.000000000000000000e+00 0.000000000000000000e+00
8.485435282995987816e-01 -5.291255811060998626e-01 0.000000000000000000e+00 -7.135260999999999854e+00 5.291255811060998626e-01 8.485435282995987816e-01 0.000000000000000000e+00 -6.742542300000000211e+00 0.000000000000000000e+00 0.000000000000000000e+00 1.000000000000000000e+00 0.000000000000000000e+00
7.226616936065035635e-01 -6.912019072556006005e-01 0.000000000000000000e+00 -6.906590999999999703e+00 6.912019072556006005e-01 7.226616936065035635e-01 0.000000000000000000e+00 -7.214185699999999812e+00 0.000000000000000000e+00 0.000000000000000000e+00 1.000000000000000000e+00 0.000000000000000000e+00
-6.443578514966324944e-01 7.647241065996570608e-01 0.000000000000000000e+00 -6.686239200000000160e+00 -7.647241065996570608e-01 -6.443578514966324944e-01 0.000000000000000000e+00 -7.472227000000000174e+00 0.000000000000000000e+00 0.000000000000000000e+00 1.000000000000000000e+00 0.000000000000000000e+00
-6.062616591244647246e-01 7.952652391973707990e-01 0.000000000000000000e+00 -6.310796299999999803e+00 -7.952652391973707990e-01 -6.062616591244647246e-01 0.000000000000000000e+00 -7.707050999999999874e+00 0.000000000000000000e+00 0.000000000000000000e+00 1.000000000000000000e+00 0.000000000000000000e+00
-5.968976407822792485e-01 8.023173975606843200e-01 0.000000000000000000e+00 -6.045581300000000269e+00 -8.023173975606843200e-01 -5.968976407822792485e-01 0.000000000000000000e+00 -7.882332299999999847e+00 0.000000000000000000e+00 0.000000000000000000e+00 1.000000000000000000e+00 0.000000000000000000e+00
-3.489063590589979169e-01 9.371575921947138399e-01 0.000000000000000000e+00 -5.910829999999999806e+00 -9.371575921947138399e-01 -3.489063590589979169e-01 0.000000000000000000e+00 -8.134178999999999604e+00 0.000000000000000000e+00 0.000000000000000000e+00 1.000000000000000000e+00 0.000000000000000000e+00
-8.550723138191801409e-02 9.963375499204067953e-01 0.000000000000000000e+00 -5.451225299999999940e+00 -9.963375499204067953e-01 -8.550723138191801409e-02 0.000000000000000000e+00 -8.118518999999999153e+00 0.000000000000000000e+00 0.000000000000000000e+00 1.000000000000000000e+00 0.000000000000000000e+00
1.003933163154165920e-01 9.949478288026929462e-01 0.000000000000000000e+00 -5.009922999999999682e+00 -9.949478288026929462e-01 1.003933163154165920e-01 0.000000000000000000e+00 -8.210875500000000216e+00 0.000000000000000000e+00 0.000000000000000000e+00 1.000000000000000000e+00 0.000000000000000000e+00
3.302486818705386296e-01 9.438939602109824856e-01 0.000000000000000000e+00 -4.705130600000000385e+00 -9.438939602109824856e-01 3.302486818705386296e-01 0.000000000000000000e+00 -8.147633000000000791e+00 0.000000000000000000e+00 0.000000000000000000e+00 1.000000000000000000e+00 0.000000000000000000e+00
4.921912424179090695e-01 8.704870940382258837e-01 0.000000000000000000e+00 -4.285172000000000203e+00 -8.704870940382258837e-01 4.921912424179090695e-01 0.000000000000000000e+00 -8.117900000000000560e+00 0.000000000000000000e+00 0.000000000000000000e+00 1.000000000000000000e+00 0.000000000000000000e+00
5.185688642990433639e-01 8.550358664872488301e-01 0.000000000000000000e+00 -3.906407800000000208e+00 -8.550358664872488301e-01 5.185688642990433639e-01 0.000000000000000000e+00 -8.041999999999999815e+00 0.000000000000000000e+00 0.000000000000000000e+00 1.000000000000000000e+00 0.000000000000000000e+00
5.590263228818186381e-01 8.291499082344715443e-01 0.000000000000000000e+00 -3.434522600000000203e+00 -8.291499082344715443e-01 5.590263228818186381e-01 0.000000000000000000e+00 -7.789699599999999613e+00 0.000000000000000000e+00 0.000000000000000000e+00 1.000000000000000000e+00 0.000000000000000000e+00
-5.655821480193401474e-01 -8.246919630030531412e-01 0.000000000000000000e+00 -3.618800199999999911e+00 8.246919630030531412e-01 -5.655821480193401474e-01 0.000000000000000000e+00 -7.864057999999999993e+00 0.000000000000000000e+00 0.000000000000000000e+00 1.000000000000000000e+00 0.000000000000000000e+00
7.088698471542127511e-01 7.053393082733748765e-01 0.000000000000000000e+00 -3.131606000000000112e+00 -7.053393082733748765e-01 7.088698471542127511e-01 0.000000000000000000e+00 -7.350412000000000390e+00 0.000000000000000000e+00 0.000000000000000000e+00 1.000000000000000000e+00 0.000000000000000000e+00
8.298850550149172722e-01 5.579344006806603584e-01 0.000000000000000000e+00 -2.903893000000000058e+00 -5.579344006806603584e-01 8.298850550149172722e-01 0.000000000000000000e+00 -6.999457999999999736e+00 0.000000000000000000e+00 0.000000000000000000e+00 1.000000000000000000e+00 0.000000000000000000e+00
8.789359666266438609e-01 4.769397934436665487e-01 0.000000000000000000e+00 -2.543378399999999928e+00 -4.769397934436665487e-01 8.789359666266438609e-01 0.000000000000000000e+00 -6.607045699999999577e+00 0.000000000000000000e+00 0.000000000000000000e+00 1.000000000000000000e+00 0.000000000000000000e+00
9.191226119473299150e-01 3.939716033004384554e-01 0.000000000000000000e+00 -2.243541700000000194e+00 -3.939716033004384554e-01 9.191226119473299150e-01 0.000000000000000000e+00 -6.183240999999999765e+00 0.000000000000000000e+00 0.000000000000000000e+00 1.000000000000000000e+00 0.000000000000000000e+00
9.304617965683391612e-01 3.663889260428302985e-01 0.000000000000000000e+00 -2.162434300000000142e+00 -3.663889260428302985e-01 9.304617965683391612e-01 0.000000000000000000e+00 -5.714964400000000389e+00 0.000000000000000000e+00 0.000000000000000000e+00 1.000000000000000000e+00 0.000000000000000000e+00
9.248753362366715081e-01 3.802704464208386259e-01 0.000000000000000000e+00 -2.092464200000000218e+00 -3.802704464208386259e-01 9.248753362366715081e-01 0.000000000000000000e+00 -5.347699999999999676e+00 0.000000000000000000e+00 0.000000000000000000e+00 1.000000000000000000e+00 0.000000000000000000e+00
9.483319742271087982e-01 3.172797923891691463e-01 0.000000000000000000e+00 -1.714747400000000033e+00 -3.172797923891691463e-01 9.483319742271087982e-01 0.000000000000000000e+00 -4.915338000000000207e+00 0.000000000000000000e+00 0.000000000000000000e+00 1.000000000000000000e+00 0.000000000000000000e+00
9.640545800561886036e-01 2.657042842573031360e-01 0.000000000000000000e+00 -1.642049199999999987e+00 -2.657042842573031360e-01 9.640545800561886036e-01 0.000000000000000000e+00 -4.455384999999999707e+00 0.000000000000000000e+00 0.000000000000000000e+00 1.000000000000000000e+00 0.000000000000000000e+00
9.452230155731642380e-01 3.264252607118107719e-01 0.000000000000000000e+00 -1.488210999999999951e+00 -3.264252607118107719e-01 9.452230155731642380e-01 0.000000000000000000e+00 -3.909194199999999952e+00 0.000000000000000000e+00 0.000000000000000000e+00 1.000000000000000000e+00 0.000000000000000000e+00
9.382191886300097483e-01 3.460415496532839308e-01 0.000000000000000000e+00 -1.292578199999999899e+00 -3.460415496532839308e-01 9.382191886300097483e-01 0.000000000000000000e+00 -3.519342200000000087e+00 0.000000000000000000e+00 0.000000000000000000e+00 1.000000000000000000e+00 0.000000000000000000e+00
8.763934449607256871e-01 4.815958156274527946e-01 0.000000000000000000e+00 -1.235813999999999968e+00 -4.815958156274527946e-01 8.763934449607256871e-01 0.000000000000000000e+00 -3.049562200000000001e+00 0.000000000000000000e+00 0.000000000000000000e+00 1.000000000000000000e+00 0.000000000000000000e+00
9.051893939078505813e-01 4.250084248067774184e-01 0.000000000000000000e+00 -1.001569900000000013e+00 -4.250084248067774184e-01 9.051893939078505813e-01 0.000000000000000000e+00 -2.657900300000000104e+00 0.000000000000000000e+00 0.000000000000000000e+00 1.000000000000000000e+00 0.000000000000000000e+00
8.626787925718417682e-01 5.057522128936157157e-01 0.000000000000000000e+00 -8.048579999999999623e-01 -5.057522128936157157e-01 8.626787925718417682e-01 0.000000000000000000e+00 -2.461166400000000198e+00 0.000000000000000000e+00 0.000000000000000000e+00 1.000000000000000000e+00 0.000000000000000000e+00
8.384237388029323057e-01 5.450189301406991316e-01 0.000000000000000000e+00 -7.219958300000000051e-01 -5.450189301406991316e-01 8.384237388029323057e-01 0.000000000000000000e+00 -2.059637299999999893e+00 0.000000000000000000e+00 0.000000000000000000e+00 1.000000000000000000e+00 0.000000000000000000e+00
7.955465682821335482e-01 6.058924472994531296e-01 0.000000000000000000e+00 -3.021163000000000043e-01 -6.058924472994531296e-01 7.955465682821335482e-01 0.000000000000000000e+00 -1.728084399999999965e+00 0.000000000000000000e+00 0.000000000000000000e+00 1.000000000000000000e+00 0.000000000000000000e+00
7.536262534857772755e-01 6.573031797100870044e-01 0.000000000000000000e+00 4.307085299999999922e-02 -6.573031797100870044e-01 7.536262534857772755e-01 0.000000000000000000e+00 -1.258598899999999965e+00 0.000000000000000000e+00 0.000000000000000000e+00 1.000000000000000000e+00 0.000000000000000000e+00
6.734120825742806460e-01 7.392673177159736486e-01 0.000000000000000000e+00 2.162818800000000097e-01 -7.392673177159736486e-01 6.734120825742806460e-01 0.000000000000000000e+00 -8.957078499999999721e-01 0.000000000000000000e+00 0.000000000000000000e+00 1.000000000000000000e+00 0.000000000000000000e+00
8.026754396492620236e-01 5.964160784082399580e-01 0.000000000000000000e+00 5.847440999999999889e-01 -5.964160784082399580e-01 8.026754396492620236e-01 0.000000000000000000e+00 -4.927006400000000230e-01 0.000000000000000000e+00 0.000000000000000000e+00 1.000000000000000000e+00 0.000000000000000000e+00
7.237520670221809782e-01 6.900601028034590856e-01 0.000000000000000000e+00 8.333546499999999746e-01 -6.900601028034590856e-01 7.237520670221809782e-01 0.000000000000000000e+00 -1.727923199999999992e-01 0.000000000000000000e+00 0.000000000000000000e+00 1.000000000000000000e+00 0.000000000000000000e+00
-7.932020438972974263e-01 6.089585515921013270e-01 0.000000000000000000e+00 7.026977500000000099e-01 -6.089585515921013270e-01 -7.932020438972974263e-01 0.000000000000000000e+00 -1.648823899999999898e-01 0.000000000000000000e+00 0.000000000000000000e+00 1.000000000000000000e+00 0.000000000000000000e+00
7.375983205420577615e-01 6.752397481884014896e-01 0.000000000000000000e+00 9.230652999999999775e-01 -6.752397481884014896e-01 7.375983205420577615e-01 0.000000000000000000e+00 1.987806599999999979e-01 0.000000000000000000e+00 0.000000000000000000e+00 1.000000000000000000e+00 0.000000000000000000e+00
8.014710756909880773e-01 5.980335398877979491e-01 0.000000000000000000e+00 1.198612299999999964e+00 -5.980335398877979491e-01 8.014710756909880773e-01 0.000000000000000000e+00 4.775541400000000158e-01 0.000000000000000000e+00 0.000000000000000000e+00 1.000000000000000000e+00 0.000000000000000000e+00
8.493524913263531539e-01 5.278260560807103152e-01 0.000000000000000000e+00 1.511744999999999894e+00 -5.278260560807103152e-01 8.493524913263531539e-01 0.000000000000000000e+00 9.014203499999999813e-01 0.000000000000000000e+00 0.000000000000000000e+00 1.000000000000000000e+00 0.000000000000000000e+00
9.253099120085114260e-01 3.792117703062510836e-01 0.000000000000000000e+00 1.672982900000000051e+00 -3.792117703062510836e-01 9.253099120085114260e-01 0.000000000000000000e+00 1.381086100000000094e+00 0.000000000000000000e+00 0.000000000000000000e+00 1.000000000000000000e+00 0.000000000000000000e+00
9.588254245706496759e-01 2.839961358837710947e-01 0.000000000000000000e+00 1.654398700000000000e+00 -2.839961358837710947e-01 9.588254245706496759e-01 0.000000000000000000e+00 1.884704099999999993e+00 0.000000000000000000e+00 0.000000000000000000e+00 1.000000000000000000e+00 0.000000000000000000e+00
9.602728551997127271e-01 2.790627950239721877e-01 0.000000000000000000e+00 1.830010700000000101e+00 -2.790627950239721877e-01 9.602728551997127271e-01 0.000000000000000000e+00 2.506322100000000219e+00 0.000000000000000000e+00 0.000000000000000000e+00 1.000000000000000000e+00 0.000000000000000000e+00
9.817336589858267626e-01 1.902604079000681236e-01 0.000000000000000000e+00 1.916166800000000059e+00 -1.902604079000681236e-01 9.817336589858267626e-01 0.000000000000000000e+00 3.037370399999999915e+00 0.000000000000000000e+00 0.000000000000000000e+00 1.000000000000000000e+00 0.000000000000000000e+00
9.999998051202790839e-01 -6.243071390312559610e-04 0.000000000000000000e+00 1.771083200000000080e+00 6.243071390312559610e-04 9.999998051202790839e-01 0.000000000000000000e+00 3.339752199999999949e+00 0.000000000000000000e+00 0.000000000000000000e+00 1.000000000000000000e+00 0.000000000000000000e+00
9.762671793837534029e-01 -2.165696064965957623e-01 0.000000000000000000e+00 1.583328000000000069e+00 2.165696064965957623e-01 9.762671793837534029e-01 0.000000000000000000e+00 3.767119199999999779e+00 0.000000000000000000e+00 0.000000000000000000e+00 1.000000000000000000e+00 0.000000000000000000e+00
-8.933740615412975039e-01 4.493136834831606974e-01 0.000000000000000000e+00 1.494229299999999983e+00 -4.493136834831606974e-01 -8.933740615412975039e-01 0.000000000000000000e+00 4.198777999999999899e+00 0.000000000000000000e+00 0.000000000000000000e+00 1.000000000000000000e+00 0.000000000000000000e+00
-8.284706764227933729e-01 5.600324439776317442e-01 0.000000000000000000e+00 1.024178000000000033e+00 -5.600324439776317442e-01 -8.284706764227933729e-01 0.000000000000000000e+00 4.678621299999999650e+00 0.000000000000000000e+00 0.000000000000000000e+00 1.000000000000000000e+00 0.000000000000000000e+00
-6.783380690833800131e-01 7.347499329923287137e-01 0.000000000000000000e+00 6.507199000000000177e-01 -7.347499329923287137e-01 -6.783380690833800131e-01 0.000000000000000000e+00 4.908526000000000167e+00 0.000000000000000000e+00 0.000000000000000000e+00 1.000000000000000000e+00 0.000000000000000000e+00
-5.501829948851457708e-01 8.350441138881297132e-01 0.000000000000000000e+00 3.542184199999999783e-01 -8.350441138881297132e-01 -5.501829948851457708e-01 0.000000000000000000e+00 5.306136999999999659e+00 0.000000000000000000e+00 0.000000000000000000e+00 1.000000000000000000e+00 0.000000000000000000e+00
-4.141892418890804617e-01 9.101907887379154793e-01 0.000000000000000000e+00 7.872044999999999390e-03 -9.101907887379154793e-01 -4.141892418890804617e-01 0.000000000000000000e+00 5.416170000000000151e+00 0.000000000000000000e+00 0.000000000000000000e+00 1.000000000000000000e+00 0.000000000000000000e+00
-1.820514516383276993e-01 9.832890058148608947e-01 0.000000000000000000e+00 -5.029017000000000071e-01 -9.832890058148608947e-01 -1.820514516383276993e-01 0.000000000000000000e+00 5.536096599999999590e+00 0.000000000000000000e+00 0.000000000000000000e+00 1.000000000000000000e+00 0.000000000000000000e+00
-5.869660917098756814e-02 9.982758677198544373e-01 0.000000000000000000e+00 -8.691906000000000354e-01 -9.982758677198544373e-01 -5.869660917098756814e-02 0.000000000000000000e+00 5.628082799999999608e+00 0.000000000000000000e+00 0.000000000000000000e+00 1.000000000000000000e+00 0.000000000000000000e+00
3.264518602490666943e-01 9.452138292153389187e-01 0.000000000000000000e+00 -1.296691299999999991e+00 -9.452138292153389187e-01 3.264518602490666943e-01 0.000000000000000000e+00 5.544437000000000282e+00 0.000000000000000000e+00 0.000000000000000000e+00 1.000000000000000000e+00 0.000000000000000000e+00
4.468991096042982392e-01 8.945843648504513412e-01 0.000000000000000000e+00 -1.701181899999999914e+00 -8.945843648504513412e-01 4.468991096042982392e-01 0.000000000000000000e+00 5.431096000000000146e+00 0.000000000000000000e+00 0.000000000000000000e+00 1.000000000000000000e+00 0.000000000000000000e+00
4.569499907217772772e-01 8.894923866899411280e-01 0.000000000000000000e+00 -1.985512100000000002e+00 -8.894923866899411280e-01 4.569499907217772772e-01 0.000000000000000000e+00 5.156226600000000104e+00 0.000000000000000000e+00 0.000000000000000000e+00 1.000000000000000000e+00 0.000000000000000000e+00
5.484044153457157122e-01 8.362132486568983891e-01 0.000000000000000000e+00 -1.983987699999999910e+00 -8.362132486568983891e-01 5.484044153457157122e-01 0.000000000000000000e+00 5.139414999999999623e+00 0.000000000000000000e+00 0.000000000000000000e+00 1.000000000000000000e+00 0.000000000000000000e+00
4.241734252514848813e-01 9.055809766721156784e-01 0.000000000000000000e+00 -2.407004399999999933e+00 -9.055809766721156784e-01 4.241734252514848813e-01 0.000000000000000000e+00 4.890444800000000036e+00 0.000000000000000000e+00 0.000000000000000000e+00 1.000000000000000000e+00 0.000000000000000000e+00
4.614721890883018984e-01 8.871546757460339050e-01 0.000000000000000000e+00 -2.883426399999999834e+00 -8.871546757460339050e-01 4.614721890883018984e-01 0.000000000000000000e+00 4.727235300000000251e+00 0.000000000000000000e+00 0.000000000000000000e+00 1.000000000000000000e+00 0.000000000000000000e+00
5.884191818301167665e-01 8.085560379184463242e-01 0.000000000000000000e+00 -3.232740199999999842e+00 -8.085560379184463242e-01 5.884191818301167665e-01 0.000000000000000000e+00 4.457475699999999819e+00 0.000000000000000000e+00 0.000000000000000000e+00 1.000000000000000000e+00 0.000000000000000000e+00
6.417617091456283562e-01 7.669041065703599003e-01 0.000000000000000000e+00 -3.484994200000000042e+00 -7.669041065703599003e-01 6.417617091456283562e-01 0.000000000000000000e+00 4.221181999999999768e+00 0.000000000000000000e+00 0.000000000000000000e+00 1.000000000000000000e+00 0.000000000000000000e+00
6.315147298677660226e-01 7.753638797107087477e-01 0.000000000000000000e+00 -3.883401399999999892e+00 -7.753638797107087477e-01 6.315147298677660226e-01 0.000000000000000000e+00 3.939588300000000043e+00 0.000000000000000000e+00 0.000000000000000000e+00 1.000000000000000000e+00 0.000000000000000000e+00
4.933222916957011872e-01 8.698466051644402341e-01 0.000000000000000000e+00 -4.306276300000000390e+00 -8.698466051644402341e-01 4.933222916957011872e-01 0.000000000000000000e+00 3.635020700000000105e+00 0.000000000000000000e+00 0.000000000000000000e+00 1.000000000000000000e+00 0.000000000000000000e+00
4.210191692456565771e-01 9.070517400499803484e-01 0.000000000000000000e+00 -4.831667399999999724e+00 -9.070517400499803484e-01 4.210191692456565771e-01 0.000000000000000000e+00 3.212936200000000131e+00 0.000000000000000000e+00 0.000000000000000000e+00 1.000000000000000000e+00 0.000000000000000000e+00
3.681234514048106754e-01 9.297769219150419095e-01 0.000000000000000000e+00 -5.175595799999999969e+00 -9.297769219150419095e-01 3.681234514048106754e-01 0.000000000000000000e+00 2.995851500000000112e+00 0.000000000000000000e+00 0.000000000000000000e+00 1.000000000000000000e+00 0.000000000000000000e+00
4.314898548009589718e-01 9.021177889853670973e-01 0.000000000000000000e+00 -5.711927000000000199e+00 -9.021177889853670973e-01 4.314898548009589718e-01 0.000000000000000000e+00 2.817848399999999920e+00 0.000000000000000000e+00 0.000000000000000000e+00 1.000000000000000000e+00 0.000000000000000000e+00
3.029700412252948061e-01 9.530000808604074392e-01 0.000000000000000000e+00 -6.302075000000000315e+00 -9.530000808604074392e-01 3.029700412252948061e-01 0.000000000000000000e+00 2.616008499999999959e+00 0.000000000000000000e+00 0.000000000000000000e+00 1.000000000000000000e+00 0.000000000000000000e+00
1.877998253682041929e-01 9.822073231205680210e-01 0.000000000000000000e+00 -6.656877999999999851e+00 -9.822073231205680210e-01 1.877998253682041929e-01 0.000000000000000000e+00 2.439164200000000005e+00 0.000000000000000000e+00 0.000000000000000000e+00 1.000000000000000000e+00 0.000000000000000000e+00
1.826340851911670560e-01 9.831809553314108108e-01 0.000000000000000000e+00 -7.158510999999999846e+00 -9.831809553314108108e-01 1.826340851911670560e-01 0.000000000000000000e+00 2.403962599999999838e+00 0.000000000000000000e+00 0.000000000000000000e+00 1.000000000000000000e+00 0.000000000000000000e+00
2.338679191362231236e-01 9.722683767349903361e-01 0.000000000000000000e+00 -7.505441700000000438e+00 -9.722683767349903361e-01 2.338679191362231236e-01 0.000000000000000000e+00 2.320316599999999951e+00 0.000000000000000000e+00 0.000000000000000000e+00 1.000000000000000000e+00 0.000000000000000000e+00
2.433264732444653522e-01 9.699444455320163083e-01 0.000000000000000000e+00 -8.056056999999999135e+00 -9.699444455320163083e-01 2.433264732444653522e-01 0.000000000000000000e+00 2.219847699999999868e+00 0.000000000000000000e+00 0.000000000000000000e+00 1.000000000000000000e+00 0.000000000000000000e+00
4.271927104099784711e-01 9.041605986618618251e-01 0.000000000000000000e+00 -8.695696999999999122e+00 -9.041605986618618251e-01 4.271927104099784711e-01 0.000000000000000000e+00 2.345234399999999830e+00 0.000000000000000000e+00 0.000000000000000000e+00 1.000000000000000000e+00 0.000000000000000000e+00
3.915265803296888447e-01 9.201667984095815989e-01 0.000000000000000000e+00 -9.256126000000000076e+00 -9.201667984095815989e-01 3.915265803296888447e-01 0.000000000000000000e+00 2.152602400000000138e+00 0.000000000000000000e+00 0.000000000000000000e+00 1.000000000000000000e+00 0.000000000000000000e+00
1.979064201628861763e-01 9.802209183945785886e-01 0.000000000000000000e+00 -9.812196999999999392e+00 -9.802209183945785886e-01 1.979064201628861763e-01 0.000000000000000000e+00 1.928615100000000027e+00 0.000000000000000000e+00 0.000000000000000000e+00 1.000000000000000000e+00 0.000000000000000000e+00
2.967037693804704390e-01 9.549695666540481964e-01 0.000000000000000000e+00 -1.055587200000000081e+01 -9.549695666540481964e-01 2.967037693804704390e-01 0.000000000000000000e+00 1.789744299999999955e+00 0.000000000000000000e+00 0.000000000000000000e+00 1.000000000000000000e+00 0.000000000000000000e+00
3.239234781970442567e-01 9.460832840044944847e-01 0.000000000000000000e+00 -1.096943199999999941e+01 -9.460832840044944847e-01 3.239234781970442567e-01 0.000000000000000000e+00 1.500371200000000016e+00 0.000000000000000000e+00 0.000000000000000000e+00 1.000000000000000000e+00 0.000000000000000000e+00
4.358555339968092079e-01 9.000166406708024480e-01 0.000000000000000000e+00 -1.106089200000000083e+01 -9.000166406708024480e-01 4.358555339968092079e-01 0.000000000000000000e+00 1.579539100000000085e+00 0.000000000000000000e+00 0.000000000000000000e+00 1.000000000000000000e+00 0.000000000000000000e+00
4.536466585520506078e-01 8.911816364718021521e-01 0.000000000000000000e+00 -1.145015700000000081e+01 -8.911816364718021521e-01 4.536466585520506078e-01 0.000000000000000000e+00 1.205465599999999915e+00 0.000000000000000000e+00 0.000000000000000000e+00 1.000000000000000000e+00 0.000000000000000000e+00
5.057043689456288682e-01 8.627068396792175742e-01 0.000000000000000000e+00 -1.166145999999999994e+01 -8.627068396792175742e-01 5.057043689456288682e-01 0.000000000000000000e+00 7.570210699999999626e-01 0.000000000000000000e+00 0.000000000000000000e+00 1.000000000000000000e+00 0.000000000000000000e+00
6.482757105452366941e-01 7.614056757846427992e-01 0.000000000000000000e+00 -1.193458000000000041e+01 -7.614056757846427992e-01 6.482757105452366941e-01 0.000000000000000000e+00 3.800629400000000158e-01 0.000000000000000000e+00 0.000000000000000000e+00 1.000000000000000000e+00 0.000000000000000000e+00
7.880716527925881731e-01 6.155835199749571940e-01 0.000000000000000000e+00 -1.229218099999999936e+01 -6.155835199749571940e-01 7.880716527925881731e-01 0.000000000000000000e+00 3.165865999999999819e-02 0.000000000000000000e+00 0.000000000000000000e+00 1.000000000000000000e+00 0.000000000000000000e+00
8.729418098749175403e-01 4.878243501223603618e-01 0.000000000000000000e+00 -1.229400099999999973e+01 -4.878243501223603618e-01 8.729418098749175403e-01 0.000000000000000000e+00 -3.592623200000000239e-01 0.000000000000000000e+00 0.000000000000000000e+00 1.000000000000000000e+00 0.000000000000000000e+00
9.247870886036484439e-01 3.804850072630820423e-01 0.000000000000000000e+00 -1.235314499999999960e+01 -3.804850072630820423e-01 9.247870886036484439e-01 0.000000000000000000e+00 -7.521600000000000508e-01 0.000000000000000000e+00 0.000000000000000000e+00 1.000000000000000000e+00 0.000000000000000000e+00
9.879193458743756873e-01 1.549689196166304517e-01 0.000000000000000000e+00 -1.252639899999999962e+01 -1.549689196166304517e-01 9.879193458743756873e-01 0.000000000000000000e+00 -1.012219999999999898e+00 0.000000000000000000e+00 0.000000000000000000e+00 1.000000000000000000e+00 0.000000000000000000e+00
9.931018464609882024e-01 -1.172549468285917218e-01 0.000000000000000000e+00 -1.253278599999999976e+01 1.172549468285917218e-01 9.931018464609882024e-01 0.000000000000000000e+00 -1.440290800000000093e+00 0.000000000000000000e+00 0.000000000000000000e+00 1.000000000000000000e+00 0.000000000000000000e+00
9.702864086845006675e-01 -2.419592633526027325e-01 0.000000000000000000e+00 -1.249409799999999926e+01 2.419592633526027325e-01 9.702864086845006675e-01 0.000000000000000000e+00 -1.765159399999999934e+00 0.000000000000000000e+00 0.000000000000000000e+00 1.000000000000000000e+00 0.000000000000000000e+00
-9.282774610073818433e-01 3.718883641439844623e-01 0.000000000000000000e+00 -1.231826599999999949e+01 -3.718883641439844623e-01 -9.282774610073818433e-01 0.000000000000000000e+00 -2.184352399999999861e+00 0.000000000000000000e+00 0.000000000000000000e+00 1.000000000000000000e+00 0.000000000000000000e+00
-8.895537348111229869e-01 4.568305516092178165e-01 0.000000000000000000e+00 -1.207430599999999998e+01 -4.568305516092178165e-01 -8.895537348111229869e-01 0.000000000000000000e+00 -2.567086499999999827e+00 0.000000000000000000e+00 0.000000000000000000e+00 1.000000000000000000e+00 0.000000000000000000e+00
-8.521663018510357013e-01 5.232710521226351386e-01 0.000000000000000000e+00 -1.179535899999999948e+01 -5.232710521226351386e-01 -8.521663018510357013e-01 0.000000000000000000e+00 -3.009684299999999979e+00 0.000000000000000000e+00 0.000000000000000000e+00 1.000000000000000000e+00 0.000000000000000000e+00
-7.646714680248567486e-01 6.444203177963202522e-01 0.000000000000000000e+00 -1.141548000000000052e+01 -6.444203177963202522e-01 -7.646714680248567486e-01 0.000000000000000000e+00 -3.428384499999999946e+00 0.000000000000000000e+00 0.000000000000000000e+00 1.000000000000000000e+00 0.000000000000000000e+00
-5.735708069833517220e-01 8.191559859858601467e-01 0.000000000000000000e+00 -1.116745000000000054e+01 -8.191559859858601467e-01 -5.735708069833517220e-01 0.000000000000000000e+00 -3.499446199999999951e+00 0.000000000000000000e+00 0.000000000000000000e+00 1.000000000000000000e+00 0.000000000000000000e+00
-3.599239376176955885e-01 9.329816499426840659e-01 0.000000000000000000e+00 -1.075805949999999989e+01 -9.329816499426840659e-01 -3.599239376176955885e-01 0.000000000000000000e+00 -3.551355599999999946e+00 0.000000000000000000e+00 0.000000000000000000e+00 1.000000000000000000e+00 0.000000000000000000e+00
-1.417285420578694166e-01 9.899055613371160467e-01 0.000000000000000000e+00 -1.011510900000000035e+01 -9.899055613371160467e-01 -1.417285420578694166e-01 0.000000000000000000e+00 -3.435703300000000127e+00 0.000000000000000000e+00 0.000000000000000000e+00 1.000000000000000000e+00 0.000000000000000000e+00
-4.524631352559926184e-02 9.989758611259549337e-01 0.000000000000000000e+00 -9.501875000000000071e+00 -9.989758611259549337e-01 -4.524631352559926184e-02 0.000000000000000000e+00 -3.494909999999999961e+00 0.000000000000000000e+00 0.000000000000000000e+00 1.000000000000000000e+00 0.000000000000000000e+00
7.467705110287896353e-02 9.972077707471889152e-01 0.000000000000000000e+00 -9.229777000000000342e+00 -9.972077707471889152e-01 7.467705110287896353e-02 0.000000000000000000e+00 -3.540722000000000147e+00 0.000000000000000000e+00 0.000000000000000000e+00 1.000000000000000000e+00 0.000000000000000000e+00
-1.947487484968564719e-01 -9.808531617723971197e-01 0.000000000000000000e+00 -8.737114999999999299e+00 9.808531617723971197e-01 -1.947487484968564719e-01 0.000000000000000000e+00 -3.308477400000000124e+00 0.000000000000000000e+00 0.000000000000000000e+00 1.000000000000000000e+00 0.000000000000000000e+00
