9.999913141856627830e-01 4.167919532699662991e-03 0.000000000000000000e+00 -7.996770399999999945e+00 -4.167919532699662991e-03 9.999913141856627830e-01 0.000000000000000000e+00 4.998285300000000042e+00 0.000000000000000000e+00 0.000000000000000000e+00 1.000000000000000000e+00 0.000000000000000000e+00
9.737036403688748010e-01 2.278183941923935807e-01 0.000000000000000000e+00 -7.739753699999999625e+00 -2.278183941923935807e-01 9.737036403688748010e-01 0.000000000000000000e+00 4.191548300000000005e+00 0.000000000000000000e+00 0.000000000000000000e+00 1.000000000000000000e+00 0.000000000000000000e+00
8.384701402127746617e-01 5.449475424034593285e-01 0.000000000000000000e+00 -7.584522999999999904e+00 -5.449475424034593285e-01 8.384701402127746617e-01 0.000000000000000000e+00 3.404601800000000011e+00 0.000000000000000000e+00 0.000000000000000000e+00 1.000000000000000000e+00 0.000000000000000000e+00
6.416873109217383631e-01 7.669663584551986713e-01 0.000000000000000000e+00 -7.532638500000000015e+00 -7.669663584551986713e-01 6.416873109217383631e-01 0.000000000000000000e+00 2.738870900000000219e+00 0.000000000000000000e+00 0.000000000000000000e+00 1.000000000000000000e+00 0.000000000000000000e+00
3.238082360578261043e-01 9.461227331911643557e-01 0.000000000000000000e+00 -7.553371399999999625e+00 -9.461227331911643557e-01 3.238082360578261043e-01 0.000000000000000000e+00 2.176434500000000050e+00 0.000000000000000000e+00 0.000000000000000000e+00 1.000000000000000000e+00 0.000000000000000000e+00
-4.954268388654873428e-02 9.987720072535660742e-01 0.000000000000000000e+00 -7.838066999999999673e+00 -9.987720072535660742e-01 -4.954268388654873428e-02 0.000000000000000000e+00 1.837902900000000006e+00 0.000000000000000000e+00 0.000000000000000000e+00 1.000000000000000000e+00 0.000000000000000000e+00
-5.875658596502431052e-01 8.091763470180469708e-01 0.000000000000000000e+00 -8.210793000000000674e+00 -8.091763470180469708e-01 -5.875658596502431052e-01 0.000000000000000000e+00 1.525889999999999969e+00 0.000000000000000000e+00 0.000000000000000000e+00 1.000000000000000000e+00 0.000000000000000000e+00
-9.251202053623824861e-01 3.796743415484687967e-01 0.000000000000000000e+00 -8.468389500000000680e+00 -3.796743415484687967e-01 -9.251202053623824861e-01 0.000000000000000000e+00 1.498650299999999991e+00 0.000000000000000000e+00 0.000000000000000000e+00 1.000000000000000000e+00 0.000000000000000000e+00
-9.984132232222959757e-01 5.631194984073820131e-02 0.000000000000000000e+00 -8.576188999999999396e+00 -5.631194984073820131e-02 -9.984132232222959757e-01 0.000000000000000000e+00 1.485854599999999914e+00 0.000000000000000000e+00 0.000000000000000000e+00 1.000000000000000000e+00 0.000000000000000000e+00
-9.901428732403527722e-01 -1.400610244548379790e-01 0.000000000000000000e+00 -8.575172000000000239e+00 1.400610244548379790e-01 -9.901428732403527722e-01 0.000000000000000000e+00 1.524966999999999961e+00 0.000000000000000000e+00 0.000000000000000000e+00 1.000000000000000000e+00 0.000000000000000000e+00
-8.851431131272738950e-01 -4.653188898845156962e-01 0.000000000000000000e+00 -8.754796000000000689e+00 4.653188898845156962e-01 -8.851431131272738950e-01 0.000000000000000000e+00 1.533964300000000058e+00 0.000000000000000000e+00 0.000000000000000000e+00 1.000000000000000000e+00 0.000000000000000000e+00
-5.092217552273372583e-01 -8.606353490318590094e-01 0.000000000000000000e+00 -8.773001999999999967e+00 8.606353490318590094e-01 -5.092217552273372583e-01 0.000000000000000000e+00 1.432016299999999909e+00 0.000000000000000000e+00 0.000000000000000000e+00 1.000000000000000000e+00 0.000000000000000000e+00
-3.551780843588649844e-02 -9.993690435889595047e-01 0.000000000000000000e+00 -8.784033000000000868e+00 9.993690435889595047e-01 -3.551780843588649844e-02 0.000000000000000000e+00 1.379868499999999942e+00 0.000000000000000000e+00 0.000000000000000000e+00 1.000000000000000000e+00 0.000000000000000000e+00
3.231441606422398305e-01 -9.463497511189096212e-01 0.000000000000000000e+00 -8.597295000000000798e+00 9.463497511189096212e-01 3.231441606422398305e-01 0.000000000000000000e+00 1.004148800000000064e+00 0.000000000000000000e+00 0.000000000000000000e+00 1.000000000000000000e+00 0.000000000000000000e+00
6.244819075391497831e-01 -7.810392737604587854e-01 0.000000000000000000e+00 -8.638417999999999708e+00 7.810392737604587854e-01 6.244819075391497831e-01 0.000000000000000000e+00 8.253882500000000455e-01 0.000000000000000000e+00 0.000000000000000000e+00 1.000000000000000000e+00 0.000000000000000000e+00
7.297327635379838862e-01 -6.837324724036565327e-01 0.000000000000000000e+00 -8.667282000000000153e+00 6.837324724036565327e-01 7.297327635379838862e-01 0.000000000000000000e+00 2.456183000000000116e-01 0.000000000000000000e+00 0.000000000000000000e+00 1.000000000000000000e+00 0.000000000000000000e+00
7.468656413474445976e-01 -6.649749722919430228e-01 0.000000000000000000e+00 -8.890178999999999832e+00 6.649749722919430228e-01 7.468656413474445976e-01 0.000000000000000000e+00 -2.679121500000000156e-01 0.000000000000000000e+00 0.000000000000000000e+00 1.000000000000000000e+00 0.000000000000000000e+00
8.094880930218870674e-01 -5.871362935944163253e-01 0.000000000000000000e+00 -8.885692000000000590e+00 5.871362935944163253e-01 8.094880930218870674e-01 0.000000000000000000e+00 -8.945160500000000070e-01 0.000000000000000000e+00 0.000000000000000000e+00 1.000000000000000000e+00 0.000000000000000000e+00
8.686134200367486846e-01 -4.954903899492529296e-01 0.000000000000000000e+00 -9.099111999999999867e+00 4.954903899492529296e-01 8.686134200367486846e-01 0.000000000000000000e+00 -1.579997799999999897e+00 0.000000000000000000e+00 0.000000000000000000e+00 1.000000000000000000e+00 0.000000000000000000e+00
8.068122113360389758e-01 -5.908079684965757972e-01 0.000000000000000000e+00 -9.208318000000000225e+00 5.908079684965757972e-01 8.068122113360389758e-01 0.000000000000000000e+00 -1.999013200000000046e+00 0.000000000000000000e+00 0.000000000000000000e+00 1.000000000000000000e+00 0.000000000000000000e+00
6.948291572019553719e-01 -7.191748343080563988e-01 0.000000000000000000e+00 -9.715353999999999601e+00 7.191748343080563988e-01 6.948291572019553719e-01 0.000000000000000000e+00 -2.328352999999999895e+00 0.000000000000000000e+00 0.000000000000000000e+00 1.000000000000000000e+00 0.000000000000000000e+00
5.619088641063672007e-01 -8.271991467831021350e-01 0.000000000000000000e+00 -9.818616000000000454e+00 8.271991467831021350e-01 5.619088641063672007e-01 0.000000000000000000e+00 -2.699333000000000204e+00 0.000000000000000000e+00 0.000000000000000000e+00 1.000000000000000000e+00 0.000000000000000000e+00
2.988167567939931102e-01 -9.543105080942573260e-01 0.000000000000000000e+00 -9.669520000000000337e+00 9.543105080942573260e-01 2.988167567939931102e-01 0.000000000000000000e+00 -3.142120999999999942e+00 0.000000000000000000e+00 0.000000000000000000e+00 1.000000000000000000e+00 0.000000000000000000e+00
-1.072907638982239092e-01 -9.942276861876939709e-01 0.000000000000000000e+00 -9.553867999999999583e+00 9.942276861876939709e-01 -1.072907638982239092e-01 0.000000000000000000e+00 -3.518911099999999958e+00 0.000000000000000000e+00 0.000000000000000000e+00 1.000000000000000000e+00 0.000000000000000000e+00
-5.052109442824661567e-01 -8.629958874625178744e-01 0.000000000000000000e+00 -9.353061000000000291e+00 8.629958874625178744e-01 -5.052109442824661567e-01 0.000000000000000000e+00 -3.825100700000000131e+00 0.000000000000000000e+00 0.000000000000000000e+00 1.000000000000000000e+00 0.000000000000000000e+00
-7.510979441534765266e-01 -6.601907893089853374e-01 0.000000000000000000e+00 -9.252088999999999785e+00 6.601907893089853374e-01 -7.510979441534765266e-01 0.000000000000000000e+00 -4.014369000000000298e+00 0.000000000000000000e+00 0.000000000000000000e+00 1.000000000000000000e+00 0.000000000000000000e+00
-9.156679738560471460e-01 -4.019355192743747640e-01 0.000000000000000000e+00 -9.269811999999999941e+00 4.019355192743747640e-01 -9.156679738560471460e-01 0.000000000000000000e+00 -4.182920499999999819e+00 0.000000000000000000e+00 0.000000000000000000e+00 1.000000000000000000e+00 0.000000000000000000e+00
-9.875072499831551998e-01 -1.575735740240290228e-01 0.000000000000000000e+00 -9.169107000000000340e+00 1.575735740240290228e-01 -9.875072499831551998e-01 0.000000000000000000e+00 -4.454080600000000167e+00 0.000000000000000000e+00 0.000000000000000000e+00 1.000000000000000000e+00 0.000000000000000000e+00
-9.868328827471697373e-01 1.617431962368454657e-01 0.000000000000000000e+00 -9.081607999999999237e+00 -1.617431962368454657e-01 -9.868328827471697373e-01 0.000000000000000000e+00 -4.553419599999999789e+00 0.000000000000000000e+00 0.000000000000000000e+00 1.000000000000000000e+00 0.000000000000000000e+00
-9.037204019246418696e-01 4.281231541801537310e-01 0.000000000000000000e+00 -8.921158999999999395e+00 -4.281231541801537310e-01 -9.037204019246418696e-01 0.000000000000000000e+00 -4.568329999999999558e+00 0.000000000000000000e+00 0.000000000000000000e+00 1.000000000000000000e+00 0.000000000000000000e+00
8.226503418715767069e-01 -5.685476365429532608e-01 0.000000000000000000e+00 -8.799767499999999742e+00 5.685476365429532608e-01 8.226503418715767069e-01 0.000000000000000000e+00 -4.746273500000000034e+00 0.000000000000000000e+00 0.000000000000000000e+00 1.000000000000000000e+00 0.000000000000000000e+00
7.190437853816648017e-01 -6.949647722755494250e-01 0.000000000000000000e+00 -8.792510000000000048e+00 6.949647722755494250e-01 7.190437853816648017e-01 0.000000000000000000e+00 -4.777194500000000232e+00 0.000000000000000000e+00 0.000000000000000000e+00 1.000000000000000000e+00 0.000000000000000000e+00
6.205250079545582276e-01 -7.841866579475803567e-01 0.000000000000000000e+00 -8.683223999999999165e+00 7.841866579475803567e-01 6.205250079545582276e-01 0.000000000000000000e+00 -4.852383599999999575e+00 0.000000000000000000e+00 0.000000000000000000e+00 1.000000000000000000e+00 0.000000000000000000e+00
3.075679436422054103e-01 -9.515261215771773085e-01 0.000000000000000000e+00 -8.359412999999999982e+00 9.515261215771773085e-01 3.075679436422054103e-01 0.000000000000000000e+00 -4.912070299999999889e+00 0.000000000000000000e+00 0.000000000000000000e+00 1.000000000000000000e+00 0.000000000000000000e+00
7.343824799262063663e-02 -9.972997662346935188e-01 0.000000000000000000e+00 -8.358304000000000400e+00 9.972997662346935188e-01 7.343824799262063663e-02 0.000000000000000000e+00 -5.195501300000000100e+00 0.000000000000000000e+00 0.000000000000000000e+00 1.000000000000000000e+00 0.000000000000000000e+00
-1.715905912406180678e-01 -9.851683455114131904e-01 0.000000000000000000e+00 -8.354950000000000543e+00 9.851683455114131904e-01 -1.715905912406180678e-01 0.000000000000000000e+00 -5.407161699999999627e+00 0.000000000000000000e+00 0.000000000000000000e+00 1.000000000000000000e+00 0.000000000000000000e+00
-4.016716381890130805e-01 -9.157837599971702103e-01 0.000000000000000000e+00 -8.209733999999999199e+00 9.157837599971702103e-01 -4.016716381890130805e-01 0.000000000000000000e+00 -5.740439000000000291e+00 0.000000000000000000e+00 0.000000000000000000e+00 1.000000000000000000e+00 0.000000000000000000e+00
-9.902142453695431668e-01 -1.395555382893350349e-01 0.000000000000000000e+00 -8.005656000000000105e+00 1.395555382893350349e-01 -9.902142453695431668e-01 0.000000000000000000e+00 -5.666376600000000430e+00 0.000000000000000000e+00 0.000000000000000000e+00 1.000000000000000000e+00 0.000000000000000000e+00
-8.244738283847814486e-01 5.659000850932450755e-01 0.000000000000000000e+00 -7.591953300000000127e+00 -5.659000850932450755e-01 -8.244738283847814486e-01 0.000000000000000000e+00 -5.845000999999999891e+00 0.000000000000000000e+00 0.000000000000000000e+00 1.000000000000000000e+00 0.000000000000000000e+00
-6.723783282839659314e-01 7.402076625204978555e-01 0.000000000000000000e+00 -6.743219999999999992e+00 -7.402076625204978555e-01 -6.723783282839659314e-01 0.000000000000000000e+00 -6.518873000000000140e+00 0.000000000000000000e+00 0.000000000000000000e+00 1.000000000000000000e+00 0.000000000000000000e+00
4.684356565387081117e-01 -8.834976149844149251e-01 0.000000000000000000e+00 -6.373237999999999737e+00 8.834976149844149251e-01 4.684356565387081117e-01 0.000000000000000000e+00 -6.460306000000000104e+00 0.000000000000000000e+00 0.000000000000000000e+00 1.000000000000000000e+00 0.000000000000000000e+00
-1.370989044685582969e-01 9.905573635047700831e-01 0.000000000000000000e+00 -5.288042500000000423e+00 -9.905573635047700831e-01 -1.370989044685582969e-01 0.000000000000000000e+00 -6.676280499999999840e+00 0.000000000000000000e+00 0.000000000000000000e+00 1.000000000000000000e+00 0.000000000000000000e+00
1.996401204028991350e-01 9.798692883877502258e-01 0.000000000000000000e+00 -4.555998999999999910e+00 -9.798692883877502258e-01 1.996401204028991350e-01 0.000000000000000000e+00 -6.624720599999999848e+00 0.000000000000000000e+00 0.000000000000000000e+00 1.000000000000000000e+00 0.000000000000000000e+00
4.023282924519540615e-01 9.154954642665876774e-01 0.000000000000000000e+00 -3.786438200000000087e+00 -9.154954642665876774e-01 4.023282924519540615e-01 0.000000000000000000e+00 -6.550252399999999753e+00 0.000000000000000000e+00 0.000000000000000000e+00 1.000000000000000000e+00 0.000000000000000000e+00
5.743749971007809929e-01 8.185923055498859346e-01 0.000000000000000000e+00 -3.117298400000000136e+00 -8.185923055498859346e-01 5.743749971007809929e-01 0.000000000000000000e+00 -6.336340400000000095e+00 0.000000000000000000e+00 0.000000000000000000e+00 1.000000000000000000e+00 0.000000000000000000e+00
6.878539829313169429e-01 7.258490877348565684e-01 0.000000000000000000e+00 -2.683825500000000197e+00 -7.258490877348565684e-01 6.878539829313169429e-01 0.000000000000000000e+00 -5.910508000000000095e+00 0.000000000000000000e+00 0.000000000000000000e+00 1.000000000000000000e+00 0.000000000000000000e+00
7.572652730843169033e-01 6.531074231552838061e-01 0.000000000000000000e+00 -2.388730999999999938e+00 -6.531074231552838061e-01 7.572652730843169033e-01 0.000000000000000000e+00 -5.536414599999999631e+00 0.000000000000000000e+00 0.000000000000000000e+00 1.000000000000000000e+00 0.000000000000000000e+00
8.486483034868208541e-01 5.289575190777996427e-01 0.000000000000000000e+00 -1.848056399999999933e+00 -5.289575190777996427e-01 8.486483034868208541e-01 0.000000000000000000e+00 -5.177433999999999870e+00 0.000000000000000000e+00 0.000000000000000000e+00 1.000000000000000000e+00 0.000000000000000000e+00
9.107493513440834132e-01 4.129595852215219298e-01 0.000000000000000000e+00 -1.648492000000000068e+00 -4.129595852215219298e-01 9.107493513440834132e-01 0.000000000000000000e+00 -4.685902600000000362e+00 0.000000000000000000e+00 0.000000000000000000e+00 1.000000000000000000e+00 0.000000000000000000e+00
9.101023689261606986e-01 4.143834915570243083e-01 0.000000000000000000e+00 -1.404034900000000086e+00 -4.143834915570243083e-01 9.101023689261606986e-01 0.000000000000000000e+00 -4.117361999999999966e+00 0.000000000000000000e+00 0.000000000000000000e+00 1.000000000000000000e+00 0.000000000000000000e+00
9.203285538478694905e-01 3.911462040877927704e-01 0.000000000000000000e+00 -1.172612999999999905e+00 -3.911462040877927704e-01 9.203285538478694905e-01 0.000000000000000000e+00 -3.703173200000000165e+00 0.000000000000000000e+00 0.000000000000000000e+00 1.000000000000000000e+00 0.000000000000000000e+00
8.711675676887117303e-01 4.909858134481422387e-01 0.000000000000000000e+00 -1.096416999999999975e+00 -4.909858134481422387e-01 8.711675676887117303e-01 0.000000000000000000e+00 -3.199811700000000148e+00 0.000000000000000000e+00 0.000000000000000000e+00 1.000000000000000000e+00 0.000000000000000000e+00
9.119308338879235087e-01 4.103439462261829762e-01 0.000000000000000000e+00 -8.608829399999999854e-01 -4.103439462261829762e-01 9.119308338879235087e-01 0.000000000000000000e+00 -2.779947500000000016e+00 0.000000000000000000e+00 0.000000000000000000e+00 1.000000000000000000e+00 0.000000000000000000e+00
8.806856233622005758e-01 4.737012062504507570e-01 0.000000000000000000e+00 -6.680566700000000191e-01 -4.737012062504507570e-01 8.806856233622005758e-01 0.000000000000000000e+00 -2.554360200000000081e+00 0.000000000000000000e+00 0.000000000000000000e+00 1.000000000000000000e+00 0.000000000000000000e+00
8.679770975851420767e-01 4.966042267919925646e-01 0.000000000000000000e+00 -5.977021500000000431e-01 -4.966042267919925646e-01 8.679770975851420767e-01 0.000000000000000000e+00 -2.128175500000000220e+00 0.000000000000000000e+00 0.000000000000000000e+00 1.000000000000000000e+00 0.000000000000000000e+00
8.370346631743112997e-01 5.471498630582550815e-01 0.000000000000000000e+00 -1.916048700000000105e-01 -5.471498630582550815e-01 8.370346631743112997e-01 0.000000000000000000e+00 -1.754090099999999985e+00 0.000000000000000000e+00 0.000000000000000000e+00 1.000000000000000000e+00 0.000000000000000000e+00
8.082542733810003099e-01 5.888336178933326615e-01 0.000000000000000000e+00 1.279484600000000138e-01 -5.888336178933326615e-01 8.082542733810003099e-01 0.000000000000000000e+00 -1.242929500000000020e+00 0.000000000000000000e+00 0.000000000000000000e+00 1.000000000000000000e+00 0.000000000000000000e+00
7.488105537508122911e-01 6.627840934960660402e-01 0.000000000000000000e+00 2.804384500000000058e-01 -6.627840934960660402e-01 7.488105537508122911e-01 0.000000000000000000e+00 -8.478793000000000024e-01 0.000000000000000000e+00 0.000000000000000000e+00 1.000000000000000000e+00 0.000000000000000000e+00
8.731715757908002917e-01 4.874129658010861177e-01 0.000000000000000000e+00 6.173096000000000139e-01 -4.874129658010861177e-01 8.731715757908002917e-01 0.000000000000000000e+00 -3.876654999999999962e-01 0.000000000000000000e+00 0.000000000000000000e+00 1.000000000000000000e+00 0.000000000000000000e+00
8.223651768604020029e-01 5.689600301316074527e-01 0.000000000000000000e+00 8.369456499999999854e-01 -5.689600301316074527e-01 8.223651768604020029e-01 0.000000000000000000e+00 -1.462891499999999928e-02 0.000000000000000000e+00 0.000000000000000000e+00 1.000000000000000000e+00 0.000000000000000000e+00
-6.632973769850220025e-01 7.483559244669542032e-01 0.000000000000000000e+00 7.208029999999999715e-01 -7.483559244669542032e-01 -6.632973769850220025e-01 0.000000000000000000e+00 2.037308600000000032e-03 0.000000000000000000e+00 0.000000000000000000e+00 1.000000000000000000e+00 0.000000000000000000e+00
8.724682096540603560e-01 4.886708740482069713e-01 0.000000000000000000e+00 8.823587999999999987e-01 -4.886708740482069713e-01 8.724682096540603560e-01 0.000000000000000000e+00 4.369461800000000173e-01 0.000000000000000000e+00 0.000000000000000000e+00 1.000000000000000000e+00 0.000000000000000000e+00
9.322831880092085077e-01 3.617292597446143954e-01 0.000000000000000000e+00 1.098557699999999970e+00 -3.617292597446143954e-01 9.322831880092085077e-01 0.000000000000000000e+00 8.167115000000000347e-01 0.000000000000000000e+00 0.000000000000000000e+00 1.000000000000000000e+00 0.000000000000000000e+00
9.696200959257279539e-01 2.446157590528093839e-01 0.000000000000000000e+00 1.292810999999999932e+00 -2.446157590528093839e-01 9.696200959257279539e-01 0.000000000000000000e+00 1.367018599999999973e+00 0.000000000000000000e+00 0.000000000000000000e+00 1.000000000000000000e+00 0.000000000000000000e+00
9.992012782064644272e-01 3.996005043249598043e-02 0.000000000000000000e+00 1.295401999999999942e+00 -3.996005043249598043e-02 9.992012782064644272e-01 0.000000000000000000e+00 1.947008599999999978e+00 0.000000000000000000e+00 0.000000000000000000e+00 1.000000000000000000e+00 0.000000000000000000e+00
9.936920323897885376e-01 -1.121434115989500824e-01 0.000000000000000000e+00 1.083395000000000108e+00 1.121434115989500824e-01 9.936920323897885376e-01 0.000000000000000000e+00 2.505778299999999792e+00 0.000000000000000000e+00 0.000000000000000000e+00 1.000000000000000000e+00 0.000000000000000000e+00
9.884372366900223694e-01 -1.516305679096157377e-01 0.000000000000000000e+00 9.573471500000000356e-01 1.516305679096157377e-01 9.884372366900223694e-01 0.000000000000000000e+00 3.257017100000000109e+00 0.000000000000000000e+00 0.000000000000000000e+00 1.000000000000000000e+00 0.000000000000000000e+00
9.667345429089656550e-01 -2.557817889267982592e-01 0.000000000000000000e+00 7.338923000000000529e-01 2.557817889267982592e-01 9.667345429089656550e-01 0.000000000000000000e+00 3.902781500000000126e+00 0.000000000000000000e+00 0.000000000000000000e+00 1.000000000000000000e+00 0.000000000000000000e+00
8.879979721151364247e-01 -4.598473676334414173e-01 0.000000000000000000e+00 3.526970999999999856e-01 4.598473676334414173e-01 8.879979721151364247e-01 0.000000000000000000e+00 4.255710999999999800e+00 0.000000000000000000e+00 0.000000000000000000e+00 1.000000000000000000e+00 0.000000000000000000e+00
7.467952828154347245e-01 -6.650539869549050298e-01 0.000000000000000000e+00 -1.784546700000000097e-01 6.650539869549050298e-01 7.467952828154347245e-01 0.000000000000000000e+00 4.707991599999999721e+00 0.000000000000000000e+00 0.000000000000000000e+00 1.000000000000000000e+00 0.000000000000000000e+00
-5.607922515534162766e-01 8.279565511532895883e-01 0.000000000000000000e+00 -6.916309000000000484e-01 -8.279565511532895883e-01 -5.607922515534162766e-01 0.000000000000000000e+00 5.212084299999999892e+00 0.000000000000000000e+00 0.000000000000000000e+00 1.000000000000000000e+00 0.000000000000000000e+00
-4.045496823125199759e-01 9.145160220252235295e-01 0.000000000000000000e+00 -1.626268300000000000e+00 -9.145160220252235295e-01 -4.045496823125199759e-01 0.000000000000000000e+00 5.577492699999999637e+00 0.000000000000000000e+00 0.000000000000000000e+00 1.000000000000000000e+00 0.000000000000000000e+00
-6.721225778435284404e-02 9.977386994617025717e-01 0.000000000000000000e+00 -2.425082999999999878e+00 -9.977386994617025717e-01 -6.721225778435284404e-02 0.000000000000000000e+00 5.750555999999999557e+00 0.000000000000000000e+00 0.000000000000000000e+00 1.000000000000000000e+00 0.000000000000000000e+00
2.309934600126130055e-01 9.729553028949486926e-01 0.000000000000000000e+00 -3.343347300000000022e+00 -9.729553028949486926e-01 2.309934600126130055e-01 0.000000000000000000e+00 6.044484999999999886e+00 0.000000000000000000e+00 0.000000000000000000e+00 1.000000000000000000e+00 0.000000000000000000e+00
6.131844998998979834e-01 7.899397249679953603e-01 0.000000000000000000e+00 -4.178575499999999998e+00 -7.899397249679953603e-01 6.131844998998979834e-01 0.000000000000000000e+00 6.018444500000000197e+00 0.000000000000000000e+00 0.000000000000000000e+00 1.000000000000000000e+00 0.000000000000000000e+00
9.941480498746378958e-01 1.080261770611853633e-01 0.000000000000000000e+00 -5.119899700000000387e+00 -1.080261770611853633e-01 9.941480498746378958e-01 0.000000000000000000e+00 5.737279400000000251e+00 0.000000000000000000e+00 0.000000000000000000e+00 1.000000000000000000e+00 0.000000000000000000e+00
6.357336767416513768e-01 -7.719084740152433177e-01 0.000000000000000000e+00 -5.842323300000000330e+00 7.719084740152433177e-01 6.357336767416513768e-01 0.000000000000000000e+00 5.425431299999999624e+00 0.000000000000000000e+00 0.000000000000000000e+00 1.000000000000000000e+00 0.000000000000000000e+00
-7.629476343037164821e-01 -6.464602905905068031e-01 0.000000000000000000e+00 -6.114050399999999996e+00 6.464602905905068031e-01 -7.629476343037164821e-01 0.000000000000000000e+00 5.232047999999999810e+00 0.000000000000000000e+00 0.000000000000000000e+00 1.000000000000000000e+00 0.000000000000000000e+00
-8.222633421672796983e-01 5.691071921245549614e-01 0.000000000000000000e+00 -6.453783999999999743e+00 -5.691071921245549614e-01 -8.222633421672796983e-01 0.000000000000000000e+00 5.546768700000000329e+00 0.000000000000000000e+00 0.000000000000000000e+00 1.000000000000000000e+00 0.000000000000000000e+00
1.544501753939704070e-01 9.880005786034600224e-01 0.000000000000000000e+00 -7.452054500000000026e+00 -9.880005786034600224e-01 1.544501753939704070e-01 0.000000000000000000e+00 5.884460400000000035e+00 0.000000000000000000e+00 0.000000000000000000e+00 1.000000000000000000e+00 0.000000000000000000e+00
9.888142600606922850e-01 1.491521340800242568e-01 0.000000000000000000e+00 -8.187386500000000567e+00 -1.491521340800242568e-01 9.888142600606922850e-01 0.000000000000000000e+00 5.947108300000000014e+00 0.000000000000000000e+00 0.000000000000000000e+00 1.000000000000000000e+00 0.000000000000000000e+00
9.674219499666443234e-01 2.531694506111183407e-01 0.000000000000000000e+00 -7.661375999999999742e+00 -2.531694506111183407e-01 9.674219499666443234e-01 0.000000000000000000e+00 5.044072599999999795e+00 0.000000000000000000e+00 0.000000000000000000e+00 1.000000000000000000e+00 0.000000000000000000e+00
9.099703801150622606e-01 4.146732536748048981e-01 0.000000000000000000e+00 -7.343757599999999996e+00 -4.146732536748048981e-01 9.099703801150622606e-01 0.000000000000000000e+00 4.142213299999999876e+00 0.000000000000000000e+00 0.000000000000000000e+00 1.000000000000000000e+00 0.000000000000000000e+00
7.115835808886179503e-01 7.026014570222095523e-01 0.000000000000000000e+00 -7.108996999999999566e+00 -7.026014570222095523e-01 7.115835808886179503e-01 0.000000000000000000e+00 3.244874999999999954e+00 0.000000000000000000e+00 0.000000000000000000e+00 1.000000000000000000e+00 0.000000000000000000e+00
3.121333301978167496e-01 9.500383066906411544e-01 0.000000000000000000e+00 -7.097663999999999973e+00 -9.500383066906411544e-01 3.121333301978167496e-01 0.000000000000000000e+00 2.543026699999999973e+00 0.000000000000000000e+00 0.000000000000000000e+00 1.000000000000000000e+00 0.000000000000000000e+00
-1.041512515896947239e-01 9.945614695896378699e-01 0.000000000000000000e+00 -7.400133000000000294e+00 -9.945614695896378699e-01 -1.041512515896947239e-01 0.000000000000000000e+00 1.884340899999999985e+00 0.000000000000000000e+00 0.000000000000000000e+00 1.000000000000000000e+00 0.000000000000000000e+00
-6.510938104484820244e-01 7.589972661318855618e-01 0.000000000000000000e+00 -7.809687000000000268e+00 -7.589972661318855618e-01 -6.510938104484820244e-01 0.000000000000000000e+00 1.482530700000000090e+00 0.000000000000000000e+00 0.000000000000000000e+00 1.000000000000000000e+00 0.000000000000000000e+00
-9.047599886346346931e-01 4.259217803374884537e-01 0.000000000000000000e+00 -8.224871999999999517e+00 -4.259217803374884537e-01 -9.047599886346346931e-01 0.000000000000000000e+00 1.444075699999999962e+00 0.000000000000000000e+00 0.000000000000000000e+00 1.000000000000000000e+00 0.000000000000000000e+00
-9.921949174626185641e-01 1.246966148752542414e-01 0.000000000000000000e+00 -8.368339999999999890e+00 -1.246966148752542414e-01 -9.921949174626185641e-01 0.000000000000000000e+00 1.347213500000000064e+00 0.000000000000000000e+00 0.000000000000000000e+00 1.000000000000000000e+00 0.000000000000000000e+00
-9.874360364679786173e-01 -1.580192199841804479e-01 0.000000000000000000e+00 -8.508442999999999756e+00 1.580192199841804479e-01 -9.874360364679786173e-01 0.000000000000000000e+00 1.398273099999999936e+00 0.000000000000000000e+00 0.000000000000000000e+00 1.000000000000000000e+00 0.000000000000000000e+00
-8.235997242155288500e-01 -5.671714857713713309e-01 0.000000000000000000e+00 -8.554150999999999172e+00 5.671714857713713309e-01 -8.235997242155288500e-01 0.000000000000000000e+00 1.485319999999999974e+00 0.000000000000000000e+00 0.000000000000000000e+00 1.000000000000000000e+00 0.000000000000000000e+00
-4.318987823076329557e-01 -9.019220819123922039e-01 0.000000000000000000e+00 -8.642082000000000264e+00 9.019220819123922039e-01 -4.318987823076329557e-01 0.000000000000000000e+00 1.406408300000000056e+00 0.000000000000000000e+00 0.000000000000000000e+00 1.000000000000000000e+00 0.000000000000000000e+00
-8.790098925940660612e-02 -9.961292165613945260e-01 0.000000000000000000e+00 -8.526863000000000525e+00 9.961292165613945260e-01 -8.790098925940660612e-02 0.000000000000000000e+00 1.188708799999999899e+00 0.000000000000000000e+00 0.000000000000000000e+00 1.000000000000000000e+00 0.000000000000000000e+00
2.278572930964466170e-01 -9.736945383346669036e-01 0.000000000000000000e+00 -8.540305999999999287e+00 9.736945383346669036e-01 2.278572930964466170e-01 0.000000000000000000e+00 8.744073999999999458e-01 0.000000000000000000e+00 0.000000000000000000e+00 1.000000000000000000e+00 0.000000000000000000e+00
4.620659342575262896e-01 -8.868455741552299099e-01 0.000000000000000000e+00 -8.412017000000000522e+00 8.868455741552299099e-01 4.620659342575262896e-01 0.000000000000000000e+00 3.888079199999999735e-01 0.000000000000000000e+00 0.000000000000000000e+00 1.000000000000000000e+00 0.000000000000000000e+00
6.687188265773955642e-01 -7.435153871850610496e-01 0.000000000000000000e+00 -8.491991999999999763e+00 7.435153871850610496e-01 6.687188265773955642e-01 0.000000000000000000e+00 -2.955241499999999855e-01 0.000000000000000000e+00 0.000000000000000000e+00 1.000000000000000000e+00 0.000000000000000000e+00
8.654193031913757217e-01 -5.010483306665672876e-01 0.000000000000000000e+00 -8.606662999999999286e+00 5.010483306665672876e-01 8.654193031913757217e-01 0.000000000000000000e+00 -8.863636000000000292e-01 0.000000000000000000e+00 0.000000000000000000e+00 1.000000000000000000e+00 0.000000000000000000e+00
9.642793084325428365e-01 -2.648875522346356703e-01 0.000000000000000000e+00 -8.663493000000000777e+00 2.648875522346356703e-01 9.642793084325428365e-01 0.000000000000000000e+00 -1.554166299999999890e+00 0.000000000000000000e+00 0.000000000000000000e+00 1.000000000000000000e+00 0.000000000000000000e+00
8.544041453354451754e-01 -5.196090419090179102e-01 0.000000000000000000e+00 -8.851293000000000077e+00 5.196090419090179102e-01 8.544041453354451754e-01 0.000000000000000000e+00 -2.417394400000000054e+00 0.000000000000000000e+00 0.000000000000000000e+00 1.000000000000000000e+00 0.000000000000000000e+00
7.965363718097362433e-01 -6.045906122196917920e-01 0.000000000000000000e+00 -8.782441000000000386e+00 6.045906122196917920e-01 7.965363718097362433e-01 0.000000000000000000e+00 -2.874588300000000096e+00 0.000000000000000000e+00 0.000000000000000000e+00 1.000000000000000000e+00 0.000000000000000000e+00
6.803307450493834008e-01 -7.329052308044683439e-01 0.000000000000000000e+00 -9.171246999999999261e+00 7.329052308044683439e-01 6.803307450493834008e-01 0.000000000000000000e+00 -3.132614600000000138e+00 0.000000000000000000e+00 0.000000000000000000e+00 1.000000000000000000e+00 0.000000000000000000e+00
4.716073856960654731e-01 -8.818086378330178832e-01 0.000000000000000000e+00 -9.048247999999999180e+00 8.818086378330178832e-01 4.716073856960654731e-01 0.000000000000000000e+00 -3.616769600000000029e+00 0.000000000000000000e+00 0.000000000000000000e+00 1.000000000000000000e+00 0.000000000000000000e+00
1.284454839807180337e-01 -9.917165712263554811e-01 0.000000000000000000e+00 -8.903581000000000856e+00 9.917165712263554811e-01 1.284454839807180337e-01 0.000000000000000000e+00 -3.834409700000000143e+00 0.000000000000000000e+00 0.000000000000000000e+00 1.000000000000000000e+00 0.000000000000000000e+00
-2.318596356032026629e-01 -9.727492530852697161e-01 0.000000000000000000e+00 -8.636748000000000758e+00 9.727492530852697161e-01 -2.318596356032026629e-01 0.000000000000000000e+00 -3.907275700000000018e+00 0.000000000000000000e+00 0.000000000000000000e+00 1.000000000000000000e+00 0.000000000000000000e+00
-6.313537091604431994e-01 -7.754949992935805669e-01 0.000000000000000000e+00 -8.289186499999999569e+00 7.754949992935805669e-01 -6.313537091604431994e-01 0.000000000000000000e+00 -4.035295500000000146e+00 0.000000000000000000e+00 0.000000000000000000e+00 1.000000000000000000e+00 0.000000000000000000e+00
-8.720969331002359493e-01 -4.893331577536541022e-01 0.000000000000000000e+00 -8.255748999999999782e+00 4.893331577536541022e-01 -8.720969331002359493e-01 0.000000000000000000e+00 -3.991130800000000090e+00 0.000000000000000000e+00 0.000000000000000000e+00 1.000000000000000000e+00 0.000000000000000000e+00
-9.838969737467444521e-01 -1.787365241130028648e-01 0.000000000000000000e+00 -8.160220999999999947e+00 1.787365241130028648e-01 -9.838969737467444521e-01 0.000000000000000000e+00 -4.014412400000000325e+00 0.000000000000000000e+00 0.000000000000000000e+00 1.000000000000000000e+00 0.000000000000000000e+00
-9.988518575238342079e-01 4.790581093339421614e-02 0.000000000000000000e+00 -8.060525000000000162e+00 -4.790581093339421614e-02 -9.988518575238342079e-01 0.000000000000000000e+00 -4.078692000000000206e+00 0.000000000000000000e+00 0.000000000000000000e+00 1.000000000000000000e+00 0.000000000000000000e+00
-9.583335162669465168e-01 2.856516612929639876e-01 0.000000000000000000e+00 -8.050608999999999682e+00 -2.856516612929639876e-01 -9.583335162669465168e-01 0.000000000000000000e+00 -4.054985499999999909e+00 0.000000000000000000e+00 0.000000000000000000e+00 1.000000000000000000e+00 0.000000000000000000e+00
-8.890471612586714478e-01 4.578156234314179063e-01 0.000000000000000000e+00 -7.920294300000000121e+00 -4.578156234314179063e-01 -8.890471612586714478e-01 0.000000000000000000e+00 -4.106065300000000029e+00 0.000000000000000000e+00 0.000000000000000000e+00 1.000000000000000000e+00 0.000000000000000000e+00
7.660337686368537957e-01 -6.428003308244475411e-01 0.000000000000000000e+00 -7.863648399999999761e+00 6.428003308244475411e-01 7.660337686368537957e-01 0.000000000000000000e+00 -4.079576999999999565e+00 0.000000000000000000e+00 0.000000000000000000e+00 1.000000000000000000e+00 0.000000000000000000e+00
6.557327266004384647e-01 -7.549931067666476592e-01 0.000000000000000000e+00 -7.814104600000000289e+00 7.549931067666476592e-01 6.557327266004384647e-01 0.000000000000000000e+00 -4.171845399999999593e+00 0.000000000000000000e+00 0.000000000000000000e+00 1.000000000000000000e+00 0.000000000000000000e+00
4.966984226397336832e-01 -8.679231976086365652e-01 0.000000000000000000e+00 -7.773330999999999769e+00 8.679231976086365652e-01 4.966984226397336832e-01 0.000000000000000000e+00 -4.172272699999999723e+00 0.000000000000000000e+00 0.000000000000000000e+00 1.000000000000000000e+00 0.000000000000000000e+00
2.191456208731781541e-01 -9.756921629551552622e-01 0.000000000000000000e+00 -7.894167399999999724e+00 9.756921629551552622e-01 2.191456208731781541e-01 0.000000000000000000e+00 -4.126628400000000418e+00 0.000000000000000000e+00 0.000000000000000000e+00 1.000000000000000000e+00 0.000000000000000000e+00
-1.676036008546351597e-01 -9.858544684589912732e-01 0.000000000000000000e+00 -7.723095400000000055e+00 9.858544684589912732e-01 -1.676036008546351597e-01 0.000000000000000000e+00 -4.290294000000000274e+00 0.000000000000000000e+00 0.000000000000000000e+00 1.000000000000000000e+00 0.000000000000000000e+00
-3.245122069643754936e-01 -9.458815081875268094e-01 0.000000000000000000e+00 -7.663113599999999970e+00 9.458815081875268094e-01 -3.245122069643754936e-01 0.000000000000000000e+00 -4.432128399999999857e+00 0.000000000000000000e+00 0.000000000000000000e+00 1.000000000000000000e+00 0.000000000000000000e+00
-4.858977064048667360e-01 -8.740156857348098107e-01 0.000000000000000000e+00 -7.785927299999999995e+00 8.740156857348098107e-01 -4.858977064048667360e-01 0.000000000000000000e+00 -4.770710499999999854e+00 0.000000000000000000e+00 0.000000000000000000e+00 1.000000000000000000e+00 0.000000000000000000e+00
1.791893665778180322e-01 -9.838146018968413342e-01 0.000000000000000000e+00 -8.243513999999999342e+00 9.838146018968413342e-01 1.791893665778180322e-01 0.000000000000000000e+00 -5.245023699999999955e+00 0.000000000000000000e+00 0.000000000000000000e+00 1.000000000000000000e+00 0.000000000000000000e+00
7.481785710398292100e-01 -6.634974196157806814e-01 0.000000000000000000e+00 -8.460444000000000742e+00 6.634974196157806814e-01 7.481785710398292100e-01 0.000000000000000000e+00 -5.342591999999999786e+00 0.000000000000000000e+00 0.000000000000000000e+00 1.000000000000000000e+00 0.000000000000000000e+00
-6.655573690672130782e-01 7.463466945597934110e-01 0.000000000000000000e+00 -8.962227999999999639e+00 -7.463466945597934110e-01 -6.655573690672130782e-01 0.000000000000000000e+00 -4.927621399999999596e+00 0.000000000000000000e+00 0.000000000000000000e+00 1.000000000000000000e+00 0.000000000000000000e+00
